#XOΔ□
1100000011
1110000111
0111001110
0011111100
0001111000
0001111000
0011111100
0111001110
1110000111
1100000011

0001111000
0111111110
0110000110
1100000011
1100000011
1100000011
1100000011
0110000110
0111111110
0001111000

0000110000
0001111000
0001111000
0011001100
0011001100
0110000110
0110000110
1100000011
1111111111
1111111111

1111111111
1111111111
1100000011
1100000011
1100000011
1100000011
1100000011
1100000011
1111111111
1111111111

0000000000
0000000000
0000000000
0000000000
0000000000
0000000000
0000000000
0000000000
0000000000
0000000000

1111111111
1111111111
1111111111
1111111111
1111111111
1111111111
1111111111
1111111111
1111111111
1111111111

0001111000
0111111110
0111111110
1111111111
1111111111
1111111111
1111111111
0111111110
0111111110
0001111000

0000110000
0001111000
0001111000
0011111100
0011111100
0111111110
0111111110
1111111111
1111111111
1111111111
